8 0.030000 0.170000 0.030000 0.040000
0 0.080000 0.260000 0.080000 0.060000
8 0.160000 0.280000 0.060000 0.040000
8 0.160000 0.320000 0.060000 0.040000
0 0.080000 0.350000 0.060000 0.040000
0 0.300000 0.080000 0.120000 0.040000
2 0.400000 0.240000 0.080000 0.060000
4 0.550000 0.250000 0.060000 0.040000
4 0.670000 0.240000 0.060000 0.040000
7 0.810000 0.250000 0.060000 0.040000
7 0.940000 0.240000 0.060000 0.040000
2 1.000000 0.260000 0.010000 0.040000
4 1.000000 0.220000 0.010000 0.030000
4 1.000000 0.300000 0.010000 0.040000
0 0.420000 0.460000 0.040000 0.060000
0 0.530000 0.460000 0.040000 0.060000
0 0.630000 0.460000 0.040000 0.060000
0 0.800000 0.460000 0.040000 0.060000
0 0.900000 0.460000 0.040000 0.060000
0 0.450000 0.580000 0.080000 0.060000
4 0.580000 0.580000 0.080000 0.060000
3 0.600000 0.630000 0.080000 0.040000
4 0.670000 0.550000 0.040000 0.030000
0 0.780000 0.550000 0.080000 0.040000
0 0.800000 0.690000 0.100000 0.060000
4 1.000000 0.420000 0.010000 0.030000
2 1.000000 0.470000 0.010000 0.040000
4 1.000000 0.510000 0.010000 0.040000
9 0.480000 0.040000 0.080000 0.040000
9 0.700000 0.040000 0.080000 0.040000
0 0.900000 0.350000 0.080000 0.040000
