8 0.030000 0.450000 0.030000 0.060000
2 0.060000 0.550000 0.080000 0.080000
2 0.430000 0.350000 0.700000 0.500000
2 0.120000 0.320000 0.120000 0.080000
2 0.430000 0.470000 0.120000 0.080000
2 0.120000 0.420000 0.100000 0.100000
0 0.430000 0.270000 0.080000 0.060000
0 0.560000 0.270000 0.080000 0.060000
4 0.690000 0.270000 0.080000 0.060000
0 0.820000 0.270000 0.080000 0.060000
0 0.300000 0.550000 0.080000 0.080000
0 0.430000 0.550000 0.080000 0.080000
0 0.560000 0.550000 0.080000 0.080000
0 0.690000 0.550000 0.080000 0.080000
0 0.820000 0.550000 0.080000 0.080000
0 0.950000 0.550000 0.080000 0.080000
0 1.000000 0.550000 0.010000 0.080000
4 0.300000 0.700000 0.080000 0.100000
3 0.430000 0.700000 0.080000 0.100000
0 0.560000 0.700000 0.080000 0.100000
1 0.690000 0.700000 0.080000 0.100000
3 0.820000 0.700000 0.080000 0.100000
0 0.950000 0.700000 0.080000 0.100000
7 0.080000 0.850000 0.080000 0.080000
7 0.180000 0.850000 0.080000 0.080000
4 0.080000 0.700000 0.080000 0.080000
0 0.870000 0.150000 0.080000 0.080000
0 0.870000 0.300000 0.080000 0.080000
0 1.000000 0.380000 0.010000 0.060000
0 1.000000 0.480000 0.010000 0.080000
