8 0.170000 0.140000 0.060000 0.080000
2 0.260000 0.210000 0.120000 0.080000
2 0.460000 0.190000 0.140000 0.120000
4 0.360000 0.280000 0.080000 0.060000
0 0.640000 0.230000 0.100000 0.080000
1 0.790000 0.240000 0.080000 0.060000
4 0.920000 0.240000 0.080000 0.060000
3 1.000000 0.240000 0.010000 0.060000
4 0.410000 0.440000 0.100000 0.080000
0 0.590000 0.430000 0.080000 0.060000
0 0.570000 0.520000 0.080000 0.080000
0 0.640000 0.520000 0.080000 0.080000
0 0.710000 0.520000 0.080000 0.080000
1 0.810000 0.440000 0.100000 0.080000
4 0.940000 0.440000 0.100000 0.080000
3 1.000000 0.440000 0.010000 0.080000
7 0.390000 0.560000 0.080000 0.060000
7 0.470000 0.560000 0.080000 0.060000
