8 0.130000 0.160000 0.060000 0.080000
2 0.750000 0.350000 0.500000 0.650000
2 0.430000 0.080000 0.250000 0.120000
2 0.700000 0.070000 0.300000 0.080000
2 0.630000 0.190000 0.250000 0.080000
2 0.430000 0.200000 0.120000 0.150000
2 0.240000 0.250000 0.120000 0.120000
4 0.320000 0.330000 0.080000 0.080000
0 0.620000 0.250000 0.080000 0.080000
1 0.790000 0.470000 0.080000 0.080000
4 0.930000 0.470000 0.080000 0.080000
3 1.000000 0.480000 0.010000 0.080000
4 0.370000 0.480000 0.080000 0.080000
0 0.620000 0.460000 0.120000 0.120000
7 0.340000 0.610000 0.080000 0.080000
7 0.420000 0.610000 0.080000 0.080000
0 0.550000 0.580000 0.080000 0.100000
0 0.630000 0.580000 0.080000 0.100000
0 0.700000 0.580000 0.080000 0.100000
