8 0.040000 0.540000 0.030000 0.040000
2 0.080000 0.670000 0.060000 0.040000
2 0.350000 0.300000 0.500000 0.450000
2 0.180000 0.320000 0.120000 0.080000
2 0.180000 0.450000 0.080000 0.060000
2 0.280000 0.550000 0.100000 0.060000
0 0.280000 0.670000 0.060000 0.040000
0 0.280000 0.850000 0.060000 0.060000
2 0.350000 0.420000 0.120000 0.080000
0 0.600000 0.420000 0.080000 0.060000
0 0.720000 0.420000 0.080000 0.060000
4 0.720000 0.540000 0.060000 0.040000
2 0.880000 0.500000 0.080000 0.060000
0 0.880000 0.620000 0.060000 0.040000
0 0.380000 0.670000 0.060000 0.040000
4 0.380000 0.850000 0.060000 0.060000
0 0.480000 0.670000 0.060000 0.040000
3 0.480000 0.850000 0.060000 0.060000
0 0.580000 0.670000 0.060000 0.040000
0 0.680000 0.670000 0.060000 0.040000
0 0.680000 0.850000 0.060000 0.060000
0 0.780000 0.670000 0.060000 0.040000
1 0.780000 0.850000 0.060000 0.060000
0 0.880000 0.670000 0.060000 0.040000
3 0.880000 0.850000 0.060000 0.060000
0 0.980000 0.670000 0.040000 0.040000
0 0.980000 0.850000 0.040000 0.060000
4 0.120000 0.850000 0.060000 0.060000
7 0.120000 0.960000 0.060000 0.040000
7 0.180000 0.960000 0.060000 0.040000
9 0.750000 0.200000 0.060000 0.040000
0 1.000000 0.180000 0.010000 0.080000
0 1.000000 0.380000 0.010000 0.080000
0 1.000000 0.580000 0.010000 0.080000
2 0.880000 0.900000 0.080000 0.040000
