8 0.180000 0.150000 0.250000 0.120000
8 0.540000 0.150000 0.250000 0.120000
8 0.830000 0.150000 0.250000 0.120000
2 0.330000 0.300000 0.080000 0.060000
0 0.080000 0.450000 0.080000 0.120000
0 0.250000 0.450000 0.080000 0.120000
0 0.540000 0.450000 0.080000 0.120000
0 0.830000 0.450000 0.080000 0.120000
0 0.120000 0.700000 0.060000 0.080000
0 0.200000 0.700000 0.060000 0.080000
0 0.280000 0.700000 0.060000 0.080000
9 0.200000 0.820000 0.120000 0.040000
6 0.420000 0.580000 0.120000 0.040000
6 0.420000 0.650000 0.120000 0.040000
1 0.500000 0.850000 0.100000 0.080000
9 0.750000 0.850000 0.100000 0.080000
