8 0.450000 0.120000 0.080000 0.060000
2 0.380000 0.320000 0.120000 0.080000
2 0.520000 0.320000 0.120000 0.080000
4 0.380000 0.460000 0.080000 0.060000
3 0.520000 0.460000 0.080000 0.060000
2 0.450000 0.580000 0.080000 0.060000
0 0.280000 0.730000 0.060000 0.060000
2 0.380000 0.750000 0.080000 0.080000
0 0.280000 0.850000 0.080000 0.060000
0 0.480000 0.850000 0.080000 0.060000
0 0.200000 0.950000 0.040000 0.040000
0 0.280000 0.950000 0.040000 0.040000
0 0.360000 0.950000 0.040000 0.040000
0 0.480000 0.950000 0.040000 0.040000
0 0.560000 0.950000 0.040000 0.040000
0 0.640000 0.950000 0.040000 0.040000
