2 0.250000 0.530000 0.150000 0.080000
2 0.750000 0.530000 0.150000 0.080000
0 0.150000 0.350000 0.080000 0.060000
0 0.250000 0.250000 0.080000 0.060000
0 0.350000 0.350000 0.080000 0.060000
0 0.100000 0.530000 0.080000 0.060000
0 0.400000 0.530000 0.080000 0.060000
0 0.150000 0.700000 0.080000 0.060000
0 0.250000 0.800000 0.080000 0.060000
0 0.350000 0.700000 0.080000 0.060000
0 0.650000 0.350000 0.080000 0.060000
0 0.750000 0.250000 0.080000 0.060000
0 0.850000 0.350000 0.080000 0.060000
0 0.600000 0.530000 0.080000 0.060000
0 0.900000 0.530000 0.080000 0.060000
0 0.650000 0.700000 0.080000 0.060000
0 0.750000 0.800000 0.080000 0.060000
0 0.850000 0.700000 0.080000 0.060000
