2 0.550000 0.150000 0.400000 0.050000
2 0.370000 0.600000 0.350000 0.550000
0 0.400000 0.300000 0.080000 0.080000
4 0.370000 0.580000 0.080000 0.080000
2 0.370000 0.800000 0.150000 0.080000
7 0.570000 0.550000 0.080000 0.080000
2 0.120000 0.550000 0.200000 0.250000
0 0.070000 0.650000 0.080000 0.080000
0 0.170000 0.650000 0.080000 0.080000
2 0.820000 0.450000 0.250000 0.250000
0 0.750000 0.520000 0.080000 0.080000
0 0.830000 0.520000 0.080000 0.080000
0 0.910000 0.520000 0.080000 0.080000
2 0.820000 0.750000 0.250000 0.250000
0 0.750000 0.820000 0.080000 0.080000
0 0.830000 0.820000 0.080000 0.080000
0 0.910000 0.820000 0.080000 0.080000
2 0.370000 0.920000 0.250000 0.160000
0 0.300000 0.970000 0.080000 0.060000
0 0.370000 0.970000 0.080000 0.060000
0 0.440000 0.970000 0.080000 0.060000
2 0.820000 0.920000 0.250000 0.160000
0 0.750000 0.970000 0.080000 0.060000
0 0.830000 0.970000 0.080000 0.060000
0 0.910000 0.970000 0.080000 0.060000
