8 0.520000 0.080000 0.120000 0.060000
2 0.780000 0.080000 0.080000 0.060000
2 0.780000 0.180000 0.080000 0.060000
2 0.580000 0.280000 0.140000 0.080000
0 0.580000 0.420000 0.140000 0.080000
0 0.400000 0.580000 0.140000 0.080000
0 0.580000 0.580000 0.140000 0.080000
0 0.760000 0.580000 0.140000 0.080000
6 0.220000 0.580000 0.100000 0.080000
0 0.060000 0.580000 0.100000 0.080000
3 0.580000 0.720000 0.140000 0.080000
1 0.160000 0.820000 0.080000 0.100000
1 0.420000 0.820000 0.100000 0.100000
1 0.560000 0.820000 0.100000 0.100000
3 0.760000 0.820000 0.080000 0.100000
1 0.140000 0.980000 0.100000 0.040000
1 0.280000 0.980000 0.100000 0.040000
1 0.600000 0.980000 0.100000 0.040000
1 0.740000 0.980000 0.100000 0.040000
