8 0.270000 0.080000 0.120000 0.060000
2 0.580000 0.080000 0.120000 0.060000
2 0.750000 0.120000 0.120000 0.060000
2 0.270000 0.220000 0.160000 0.080000
0 0.270000 0.350000 0.160000 0.080000
2 0.120000 0.500000 0.120000 0.080000
2 0.420000 0.500000 0.120000 0.080000
2 0.720000 0.500000 0.120000 0.080000
0 0.050000 0.650000 0.100000 0.060000
0 0.190000 0.650000 0.120000 0.060000
0 0.050000 0.750000 0.100000 0.060000
0 0.350000 0.650000 0.120000 0.060000
0 0.550000 0.650000 0.120000 0.060000
0 0.650000 0.750000 0.120000 0.060000
0 0.800000 0.750000 0.120000 0.060000
3 0.350000 0.800000 0.120000 0.060000
1 0.150000 0.920000 0.120000 0.080000
1 0.350000 0.920000 0.120000 0.080000
3 0.750000 0.920000 0.120000 0.080000
