8 0.070000 0.550000 0.060000 0.080000
8 0.900000 0.750000 0.080000 0.080000
0 0.220000 0.350000 0.080000 0.080000
0 0.350000 0.350000 0.080000 0.080000
2 0.280000 0.550000 0.080000 0.080000
0 0.220000 0.750000 0.080000 0.080000
0 0.350000 0.750000 0.080000 0.080000
0 0.550000 0.400000 0.080000 0.080000
0 0.720000 0.400000 0.120000 0.080000
0 0.550000 0.580000 0.060000 0.060000
0 0.650000 0.580000 0.060000 0.060000
0 0.550000 0.700000 0.060000 0.060000
0 0.650000 0.700000 0.060000 0.060000
0 0.750000 0.750000 0.080000 0.080000
