9 0.420000 0.150000 0.080000 0.100000
9 0.560000 0.150000 0.080000 0.100000
8 0.950000 0.150000 0.080000 0.100000
0 0.210000 0.400000 0.080000 0.080000
0 0.420000 0.370000 0.080000 0.080000
0 0.560000 0.370000 0.080000 0.080000
0 0.490000 0.550000 0.080000 0.080000
2 0.900000 0.370000 0.080000 0.080000
2 0.900000 0.570000 0.080000 0.080000
2 0.490000 0.740000 0.080000 0.080000
0 0.170000 0.700000 0.060000 0.060000
0 0.270000 0.700000 0.060000 0.060000
0 0.370000 0.700000 0.060000 0.060000
0 0.270000 0.850000 0.080000 0.060000
0 0.570000 0.700000 0.060000 0.060000
0 0.670000 0.700000 0.060000 0.060000
0 0.770000 0.700000 0.060000 0.060000
0 0.670000 0.850000 0.080000 0.060000
