8 0.080000 0.560000 0.080000 0.100000
4 0.250000 0.500000 0.080000 0.060000
2 0.370000 0.500000 0.080000 0.060000
2 0.620000 0.450000 0.750000 0.550000
5 0.650000 0.350000 0.060000 0.060000
0 0.760000 0.350000 0.060000 0.060000
0 0.650000 0.470000 0.060000 0.060000
0 0.760000 0.470000 0.060000 0.060000
5 0.890000 0.350000 0.060000 0.060000
0 1.000000 0.350000 0.010000 0.060000
0 0.890000 0.470000 0.060000 0.060000
0 1.000000 0.470000 0.010000 0.060000
5 0.650000 0.610000 0.060000 0.060000
0 0.760000 0.610000 0.060000 0.060000
0 0.650000 0.730000 0.060000 0.060000
0 0.760000 0.730000 0.060000 0.060000
5 0.890000 0.610000 0.060000 0.060000
0 1.000000 0.610000 0.010000 0.060000
0 0.890000 0.730000 0.060000 0.060000
0 1.000000 0.730000 0.010000 0.060000
0 0.650000 0.890000 0.080000 0.060000
3 0.810000 0.890000 0.080000 0.060000
