8 0.100000 0.500000 0.080000 0.080000
0 0.250000 0.450000 0.120000 0.100000
0 0.500000 0.400000 0.120000 0.120000
0 0.300000 0.650000 0.120000 0.100000
0 0.500000 0.650000 0.120000 0.100000
0 0.700000 0.650000 0.120000 0.100000
6 0.500000 0.150000 0.150000 0.120000
1 0.250000 0.850000 0.150000 0.120000
1 0.500000 0.850000 0.150000 0.120000
0 0.700000 0.850000 0.150000 0.120000
7 0.850000 0.250000 0.120000 0.100000
7 0.850000 0.400000 0.120000 0.100000
4 0.850000 0.550000 0.120000 0.100000
3 0.850000 0.700000 0.120000 0.100000
7 0.850000 0.850000 0.120000 0.100000
