8 0.130000 0.670000 0.080000 0.060000
2 0.260000 0.620000 0.100000 0.080000
1 0.350000 0.270000 0.080000 0.060000
2 0.350000 0.470000 0.100000 0.080000
0 0.460000 0.210000 0.080000 0.060000
0 0.580000 0.210000 0.080000 0.060000
0 0.690000 0.210000 0.080000 0.060000
3 0.780000 0.210000 0.080000 0.060000
0 0.460000 0.470000 0.080000 0.060000
0 0.580000 0.470000 0.080000 0.060000
0 0.690000 0.470000 0.080000 0.060000
3 0.780000 0.470000 0.080000 0.060000
1 0.780000 0.350000 0.080000 0.060000
1 0.880000 0.350000 0.080000 0.060000
1 0.350000 0.680000 0.080000 0.060000
2 0.350000 0.770000 0.100000 0.080000
0 0.460000 0.640000 0.080000 0.060000
0 0.580000 0.640000 0.080000 0.060000
0 0.690000 0.640000 0.080000 0.060000
3 0.780000 0.640000 0.080000 0.060000
0 0.460000 0.940000 0.080000 0.060000
0 0.580000 0.940000 0.080000 0.060000
0 0.690000 0.940000 0.080000 0.060000
3 0.780000 0.940000 0.080000 0.060000
1 0.780000 0.820000 0.080000 0.060000
1 0.880000 0.820000 0.080000 0.060000
