2 0.080000 0.080000 0.100000 0.080000
8 0.250000 0.080000 0.200000 0.100000
0 0.250000 0.250000 0.250000 0.150000
0 0.300000 0.220000 0.120000 0.060000
0 0.300000 0.280000 0.120000 0.060000
0 0.050000 0.250000 0.100000 0.080000
0 0.550000 0.250000 0.150000 0.080000
3 0.080000 0.450000 0.100000 0.100000
1 0.080000 0.650000 0.100000 0.100000
0 0.250000 0.500000 0.150000 0.100000
1 0.550000 0.400000 0.150000 0.100000
3 0.550000 0.550000 0.100000 0.100000
1 0.750000 0.550000 0.100000 0.100000
6 0.250000 0.650000 0.150000 0.080000
0 0.250000 0.780000 0.150000 0.100000
3 0.250000 0.920000 0.100000 0.080000
