8 0.150000 0.850000 0.080000 0.100000
2 0.250000 0.750000 0.060000 0.080000
3 0.150000 0.650000 0.060000 0.080000
3 0.080000 0.450000 0.060000 0.080000
2 0.450000 0.650000 0.080000 0.060000
0 0.350000 0.450000 0.060000 0.080000
0 0.450000 0.450000 0.060000 0.080000
0 0.550000 0.350000 0.060000 0.080000
0 0.650000 0.350000 0.060000 0.080000
0 0.350000 0.250000 0.060000 0.080000
0 0.550000 0.250000 0.060000 0.080000
1 0.450000 0.250000 0.060000 0.080000
1 0.850000 0.250000 0.060000 0.080000
3 0.850000 0.450000 0.060000 0.080000
3 0.850000 0.350000 0.060000 0.080000
