8 0.250000 0.150000 0.120000 0.080000
2 0.600000 0.150000 0.100000 0.060000
2 0.750000 0.250000 0.080000 0.050000
2 0.250000 0.350000 0.150000 0.100000
0 0.250000 0.500000 0.150000 0.100000
0 0.080000 0.650000 0.120000 0.080000
0 0.080000 0.750000 0.120000 0.080000
0 0.080000 0.850000 0.120000 0.080000
0 0.250000 0.750000 0.150000 0.080000
6 0.450000 0.650000 0.100000 0.080000
0 0.600000 0.650000 0.120000 0.080000
0 0.750000 0.650000 0.120000 0.080000
3 0.750000 0.800000 0.120000 0.080000
1 0.150000 0.900000 0.120000 0.080000
1 0.350000 0.900000 0.120000 0.080000
3 0.550000 0.900000 0.100000 0.080000
